-2.467809209949438e+11 3.345175245626475e+09 6.096496317984799e+09
-2.4661916590081512e+11 -4.825528453586383e+08 6.012282008032774e+09
-2.4651394397413135e+11 -2.396347087353365e+09 5.969578931522257e+09
-2.463924782504152e+11 -4.309926803115966e+09 5.926481747352851e+09
-2.4625475905259396e+11 -6.223165672085133e+09 5.882992866490409e+09
-2.461007774933416e+11 -8.135937113254004e+09 5.839114724743598e+09
-2.4593052547935193e+11 -1.0048114286608067e+10 5.794849782838583e+09
-2.457439957156793e+11 -1.1959570094609158e+10 5.750200526494404e+09
-2.4554118171014722e+11 -1.3870177183727066e+10 5.705169466499009e+09
-2.453220777778245e+11 -1.5779807946020264e+10 5.659759138785912e+09
-2.450866790455688e+11 -1.768833452076731e+10 5.613972104511437e+09
-2.4483498145663797e+11 -1.959562879615051e+10 5.5678109501325245e+09
-2.4456698177536887e+11 -2.1501562410993343e+10 5.521278287485037e+09
-2.4428267759192352e+11 -2.340600675655334e+10 5.474376753862556e+09
-2.4398206732710303e+11 -2.530883297837188e+10 5.427109012095616e+09
-2.4366515023722842e+11 -2.720991197818262e+10 5.37947775063134e+09
-2.4333192641908908e+11 -2.9109114415880104e+10 5.3314856836134405e+09
-2.429823968149581e+11 -3.1006310711550182e+10 5.283135550962553e+09
-2.426165632176746e+11 -3.29013710475639e+10 5.234430118456859e+09
-2.422344282757929e+11 -3.479416537073647e+10 5.185372177812955e+09
-2.418359954987982e+11 -3.668456339455302e+10 5.135964546766951e+09
-2.414212692623884e+11 -3.857243460146267e+10 5.086210069155728e+09
-2.409902548138223e+11 -4.0457648245242874e+10 5.03611161499835e+09
-2.4054295827733316e+11 -4.2340073353435394e+10 4.985672080577562e+09
-2.4007938665960788e+11 -4.421957872985588e+10 4.934894388521357e+09
-2.3959954785533112e+11 -4.6096032957178665e+10 4.883781487884554e+09
-2.3910345065279404e+11 -4.7969304399598526e+10 4.832336354230365e+09
-2.385911047395674e+11 -4.9839261205571236e+10 4.780561989711886e+09
-2.3806252070823828e+11 -5.1705771310634605e+10 4.728461423153492e+09
-2.3751771006221e+11 -5.356870244031193e+10 4.676037710132065e+09
-2.3695668522156503e+11 -5.542792211309956e+10 4.623293933058035e+09
-2.3637945952898996e+11 -5.728329764354062e+10 4.570233201256163e+09
-2.3578604725576215e+11 -5.9134696145386536e+10 4.51685865104602e+09
-2.3517646360779752e+11 -6.098198453484856e+10 4.46317344582211e+09
-2.3455072473175873e+11 -6.282502953394102e+10 4.409180776133581e+09
-2.3390884772122327e+11 -6.466369767391836e+10 4.354883859763453e+09
-2.3325085062291074e+11 -6.64978552988079e+10 4.300285941807316e+09
-2.3257675244296866e+11 -6.8327368569040405e+10 4.245390294751432e+09
-2.318865731533162e+11 -7.015210346518033e+10 4.190200218550167e+09
-2.3118033369804507e+11 -7.197192579175797e+10 4.1347190407027016e+09
-2.3045805599987677e+11 -7.378670118120529e+10 4.078950116328948e+09
-2.2971976296667557e+11 -7.559629509789783e+10 4.0228968282446094e+09
-2.289654784980164e+11 -7.740057284230432e+10 3.9665625870353146e+09
-2.281952274918066e+11 -7.919939955524646e+10 3.9099508311297646e+09
-2.2740903585096115e+11 -8.099264022227068e+10 3.8530650268718214e+09
-2.2660693049012982e+11 -8.278015967813408e+10 3.7959086685914745e+09
-2.2578893934247586e+11 -8.456182261140662e+10 3.7384852786746154e+09
-2.2495509136650476e+11 -8.633749356919165e+10 3.6807984076315536e+09
-2.241054165529425e+11 -8.81070369619669e+10 3.622851634164204e+09
-2.232399459316617e+11 -8.987031706854808e+10 3.564648565231874e+09
-2.2235871157865506e+11 -9.16271980411772e+10 3.5061928361155806e+09
-2.2146174662305423e+11 -9.337754391073782e+10 3.447488110480824e+09
-2.2054908525419363e+11 -9.512121859209933e+10 3.388538080438742e+09
-2.196207627287174e+11 -9.685808588959247e+10 3.3293464666055713e+09
-2.1867681537772824e+11 -9.858800950261826e+10 3.269917018160335e+09
-2.1771728061397696e+11 -1.0031085303139268e+11 3.2102535129006844e+09
-2.1674219693909113e+11 -1.0202647998282909e+11 3.150359757296802e+09
-2.157516039508413e+11 -1.0373475377656075e+11 3.0902395865433e+09
-2.1474554235044363e+11 -1.0543553775110573e+11 3.0298968646090155e+09
-2.137240539498966e+11 -1.0712869517017632e+11 2.969335484284624e+09
-2.126871816793511e+11 -1.0881408922913525e+11 2.9085593672279897e+09
-2.1163496959451144e+11 -1.1049158306160109e+11 2.847572464007149e+09
-2.1056746288406595e+11 -1.1216103974620485e+11 2.7863787541408563e+09
-2.0948470787714526e+11 -1.1382232231350034e+11 2.7249822461365824e+09
-2.083867520508063e+11 -1.1547529375303033e+11 2.6633869775258865e+09
-2.0727364403754034e+11 -1.1711981702055103e+11 2.60159701489706e+09
-2.0614543363280276e+11 -1.187557550454168e+11 2.5396164539249463e+09
-2.05002171802563e+11 -1.2038297073812788e+11 2.477449419397842e+09
-2.0384391069087192e+11 -1.2200132699804308e+11 2.415100065241376e+09
-2.0267070362744528e+11 -1.2361068672125966e+11 2.3525725745392714e+09
-2.014826051352602e+11 -1.2521091280866304e+11 2.2898711595508823e+09
-2.0027967093816306e+11 -1.268018681741483e+11 2.2270000617254043e+09
-1.99061957968486e+11 -1.283834157530159e+11 2.163963551712654e+09
-1.9782952437467e+11 -1.2995541851054387e+11 2.1007659293703094e+09
-1.9658242952889175e+11 -1.3151773945073872e+11 2.0374115237675018e+09
-1.9532073403469177e+11 -1.3307024162526736e+11 1.9739046931846535e+09
-1.9404449973460147e+11 -1.346127881425723e+11 1.910249825109444e+09
-1.9275378971776614e+11 -1.3614524217717227e+11 1.8464513362287962e+09
-1.9144866832756125e+11 -1.3766746697915073e+11 1.7825136724167674e+09
-1.901292011691992e+11 -1.3917932588383417e+11 1.7184413087182264e+09
-1.8879545511732352e+11 -1.406806823216627e+11 1.6542387493282037e+09
-1.8744749832358786e+11 -1.4217139982825494e+11 1.5899105275667915e+09
-1.860854002242163e+11 -1.4365134205466946e+11 1.5254612058494778e+09
-1.8470923154754208e+11 -1.4512037277786493e+11 1.4608953756527872e+09
-1.8331906432152145e+11 -1.46578355911361e+11 1.396217657475112e+09
-1.8191497188121957e+11 -1.4802515551610226e+11 1.3314327007926028e+09
-1.804970288762647e+11 -1.494606358115272e+11 1.2665451840099967e+09
-1.7906531127826758e+11 -1.5088466118684396e+11 1.2015598144062543e+09
-1.7761989638820227e+11 -1.5229709621251572e+11 1.136481328074878e+09
-1.76160862843745e+11 -1.5369780565195667e+11 1.0713144898587794e+09
-1.7468829062656708e+11 -1.550866544734414e+11 1.0060640932795677e+09
-1.732022610695784e+11 -1.5646350786222916e+11 9.407349604611244e+08
-1.717028568641174e+11 -1.578282312329049e+11 8.753319420473312e+08
-1.7019016206708362e+11 -1.591806902419393e+11 8.098599171138159e+08
-1.686642621080089e+11 -1.6052075080046912e+11 7.443237930735794e+08
-1.6712524379606296e+11 -1.618482790872999e+11 6.787285055763657e+08
-1.65573195326989e+11 -1.631631415621328e+11 6.130790184016348e+08
-1.6400820628996555e+11 -1.6446520497901697e+11 5.473803233449972e+08
-1.624303676743893e+11 -1.6575433640002924e+11 4.816374400979665e+08
-1.6083977187657544e+11 -1.670304032091828e+11 4.1585541612088567e+08
-1.5923651270636984e+11 -1.6829327312656622e+11 3.500393265088795e+08
-1.5762068539366937e+11 -1.695428142227143e+11 2.8419427385068583e+08
-1.5599238659484494e+11 -1.7077889493321234e+11 2.1832538808021697e+08
-1.5435171439906277e+11 -1.72001384073535e+11 1.524378263207002e+08
-1.5269876833449887e+11 -1.7321015085412112e+11 8.65367727212486e+07
-1.510336493744417e+11 -1.7440506489568588e+11 2.062743828571093e+07
-1.4935645994327805e+11 -1.7558599624477115e+11 -4.528493930634941e+07
-1.476673039223567e+11 -1.7675281538953552e+11 -1.1119509588669655e+08
-1.4596628665572498e+11 -1.7790539327578464e+11 -1.7709774099363536e+08
-1.4425351495573257e+11 -1.79043601323243e+11 -2.429875580755458e+08
-1.4252909710849707e+11 -1.8016731144206802e+11 -3.0885920470288837e+08
-1.4079314287922614e+11 -1.8127639604960687e+11 -3.7470731278883076e+08
-1.390457635173901e+11 -1.823707280873971e+11 -4.405264888186465e+08
-1.3728707176173975e+11 -1.834501810384112e+11 -5.063113140880359e+08
-1.3551718184516306e+11 -1.8451462894454584e+11 -5.720563449505202e+08
-1.3373620949937534e+11 -1.8556394642435593e+11 -6.377561130740608e+08
-1.3194427195943646e+11 -1.865980086910338e+11 -7.034051257070537e+08
-1.3014148796808937e+11 -1.8761669157063373e+11 -7.689978659538512e+08
-1.2832797777991339e+11 -1.8861987152054147e+11 -8.345287930599617e+08
-1.2650386316528639e+11 -1.8960742564818927e+11 -8.999923427070777e+08
-1.2466926741414925e+11 -1.905792317300155e+11 -9.653829273180835e+08
-1.2282431533956624e+11 -1.915351682306691e+11 -1.0306949363721902e+09
-1.2096913328107492e+11 -1.9247511432245795e+11 -1.0959227367303495e+09
-1.1910384910781877e+11 -1.9339894990504086e+11 -1.1610606729710915e+09
-1.1722859222145618e+11 -1.943065556253623e+11 -1.226103067736934e+09
-1.1534349355883871e+11 -1.95197812897829e+11 -1.2910442220915096e+09
-1.1344868559445224e+11 -1.960726039247275e+11 -1.3558784158875542e+09
-1.1154430234261366e+11 -1.969308117168813e+11 -1.4205999081458974e+09
-1.0963047935941664e+11 -1.9777232011454645e+11 -1.485202937445599e+09
-1.0770735374441904e+11 -1.9859701380854413e+11 -1.549681722325367e+09
-1.0577506414206519e+11 -1.9940477836162845e+11 -1.614030461696395e+09
-1.0383375074283572e+11 -2.0019550023008762e+11 -1.6782433352667565e+09
-1.0188355528411792e+11 -2.0096906678557684e+11 -1.7423145039774861e+09
-9.992462105078906e+10 -2.017253663371804e+11 -1.8062381104504783e+09
-9.795709287550578e+10 -2.0246428815370084e+11 -1.8700082794483356e+09
-9.598111713869186e+10 -2.031857224861728e+11 -1.9336191183462906e+09
-9.399684176821703e+10 -2.0388956059059845e+11 -1.997064717616326e+09
-9.200441623875941e+10 -2.0457569475090213e+11 -2.0603391513236187e+09
-9.000399157084415e+10 -2.052440183021007e+11 -2.1234364776354237e+09
-8.79957203295504e+10 -2.0589442565368674e+11 -2.1863507393425207e+09
-8.597975662287949e+10 -2.0652681231322076e+11 -2.2490759643933363e+09
-8.39562560997762e+10 -2.0714107491012897e+11 -2.311606166440856e+09
-8.192537594779594e+10 -2.0773711121970276e+11 -2.373935345402436e+09
-7.988727489040982e+10 -2.083148201872958e+11 -2.4360574880326247e+09
-7.784211318394011e+10 -2.088741019527144e+11 -2.4979665685090938e+09
-7.579005261411836e+10 -2.0941485787479672e+11 -2.5596565490317802e+09
-7.373125649225844e+10 -2.0993699055617636e+11 -2.6211213804353356e+09
-7.16658896510368e+10 -2.104404038682249e+11 -2.682355002814969e+09
-6.959411843987244e+10 -2.1092500297616888e+11 -2.7433513461657743e+09
-6.751611071989857e+10 -2.1139069436437534e+11 -2.804104331035612e+09
-6.5432035858518715e+10 -2.1183738586180072e+11 -2.8646078691916265e+09
-6.334206472353932e+10 -2.1226498666759723e+11 -2.924855864300459e+09
-6.124636967687148e+10 -2.1267340737687036e+11 -2.9848422126222157e+09
-5.914512456779412e+10 -2.1306256000658167e+11 -3.044560803718248e+09
-5.703850472577121e+10 -2.1343235802159e+11 -3.104005521172782e+09
-5.4926686952815544e+10 -2.1378271636082446e+11 -3.163170243328443e+09
-5.280984951539167e+10 -2.1411355146358218e+11 -3.2220488440357003e+09
-5.068817213585067e+10 -2.144247812959434e+11 -3.280635193416258e+09
-4.8561835983389534e+10 -2.1471632537729648e+11 -3.338923158640408e+09
-4.643102366452796e+10 -2.1498810480696506e+11 -3.396906604718357e+09
-4.429591921309547e+10 -2.1524004229092902e+11 -3.4545793953055205e+09
-4.215670807972181e+10 -2.154720621686313e+11 -3.51193539352179e+09
-4.001357712082386e+10 -2.156840904398617e+11 -3.56896846278475e+09
-3.786671458708207e+10 -2.1587605479170898e+11 -3.6256724676568274e+09
-3.57163101113999e+10 -2.16047884625572e+11 -3.682041274706346e+09
-3.3562554696339638e+10 -2.161995110842206e+11 -3.7380687533824453e+09
-3.1405640701028145e+10 -2.1633086707889667e+11 -3.7937487769038186e+09
-2.924576182752634e+10 -2.164418873164452e+11 -3.8490752231612177e+09
-2.7083113106656178e+10 -2.1653250832646564e+11 -3.904041975633659e+09
-2.491789088327923e+10 -2.1660266848847263e+11 -3.9586429243182592e+09
-2.2750292801021015e+10 -2.1665230805905573e+11 -4.01287196667362e+09
-2.0580517786435497e+10 -2.1668136919902704e+11 -4.066723008576669e+09
-1.8408766032604248e+10 -2.166897960005457e+11 -4.1201899652928553e+09
-1.6235238982165102e+10 -2.166775345142076e+11 -4.1732667624595914e+09
-1.406013930976521e+10 -2.166445327760888e+11 -4.225947337082819e+09
-1.1883670903933714e+10 -2.1659074083473032e+11 -4.2782256385465646e+09
-9.706038848369438e+09 -2.1651611077805267e+11 -4.330095629635347e+09
-7.527449402639225e+09 -2.164205967601871e+11 -4.381551287569283e+09
-5.348109982282843e+09 -2.1630415502821127e+11 -4.432586605051716e+09
-3.1682291383205824e+09 -2.1616674394877612e+11 -4.48319559132922e+09
-9.880165361599832e+08 -2.1600832403461093e+11 -4.53337227326376e+09
1.1923170661016378e+09 -2.1582885797089313e+11 -4.583110696416833e+09
3.3725598399818544e+09 -2.1562831064146924e+11 -4.632404926145374e+09
5.552498909527729e+09 -2.1540664915491306e+11 -4.681249048709206e+09
7.731920374842747e+09 -2.1516384287040692e+11 -4.729637172389798e+09
9.91060933622819e+09 -2.1489986342343198e+11 -4.777563428620104e+09
1.2088349918940702e+10 -2.1461468475125278e+11 -4.8250219731252e+09
1.4264925298567505e+10 -2.143082831181816e+11 -4.872006987073482e+09
1.6440117727020319e+10 -2.1398063714060748e+11 -4.918512678238119e+09
1.861370855914875e+10 -2.1363172781177496e+11 -4.964533282168502e+09
2.078547827997349e+10 -2.132615385262973e+11 -5.010063063371353e+09
2.2955206532539356e+10 -2.128700551043887e+11 -5.05509631650122e+09
2.5122672146387745e+10 -2.1245726581579987e+11 -5.0996273675599985e+09
2.7287653166647804e+10 -2.1202316140344128e+11 -5.143650575105174e+09
2.9449926883745052e+10 -2.1156773510667844e+11 -5.18716033146642e+09
3.1609269863725967e+10 -2.1109098268428268e+11 -5.2301510639702e+09
3.3765457979196476e+10 -2.1059290243702216e+11 -5.272617236171999e+09
3.591826644087194e+10 -2.100734952298761e+11 -5.314553349095809e+09
3.8067469829735756e+10 -2.095327645138567e+11 -5.355953942480458e+09
4.021284212980325e+10 -2.0897071634742184e+11 -5.396813596032384e+09
4.235415676148713e+10 -2.0838735941746268e+11 -5.437126930684427e+09
4.4491186615560104e+10 -2.077827050598491e+11 -5.4768886098602085e+09
4.662370408771014e+10 -2.071567672795171e+11 -5.51609334074364e+09
4.875148111368298e+10 -2.0650956277008118e+11 -5.554735875553122e+09
5.087428920500637e+10 -2.0584111093295526e+11 -5.592811012819933e+09
5.2991899485289635e+10 -2.051514338959655e+11 -5.630313598670353e+09
5.5104082727092155e+10 -2.0444055653143857e+11 -5.667238528111001e+09
5.721060938935331e+10 -2.0370850647374857e+11 -5.703580746316892e+09
5.931124965537637e+10 -2.0295531413630637e+11 -5.739335249921684e+09
6.140577347135806e+10 -2.021810127279745e+11 -5.774497088309585e+09
6.349395058545503e+10 -2.0138563826889145e+11 -5.809061364908362e+09
6.557555058737809e+10 -2.0056922960568896e+11 -5.843023238482917e+09
6.765034294850431e+10 -1.9973182842608585e+11 -5.876377924428815e+09
6.971809706249683e+10 -1.9887347927284235e+11 -5.909120696065221e+09
7.177858228642139e+10 -1.9799422955705908e+11 -5.941246885926613e+09
7.383156798234843e+10 -1.9709412957080435e+11 -5.972751887052672e+09
7.587682355942877e+10 -1.9617323249905435e+11 -6.003631154275725e+09
7.791411851643036e+10 -1.9523159443093054e+11 -6.033880205505082e+09
7.994322248472348e+10 -1.942692743702188e+11 -6.063494623007634e+09
8.196390527170067e+10 -1.9328633424515518e+11 -6.092470054684034e+09
8.397593690461751e+10 -1.9228283891746317e+11 -6.120802215339778e+09
8.597908767483992e+10 -1.9125885619062796e+11 -6.1484868879505005e+09
8.797312818248277e+10 -1.9021445681739294e+11 -6.175519924920777e+09
8.995782938142448e+10 -1.8914971450646432e+11 -6.201897249335715e+09
9.193296262468169e+10 -1.8806470592840994e+11 -6.227614856204611e+09
9.389829971012732e+10 -1.8695951072073868e+11 -6.252668813695932e+09
9.585361292653548e+10 -1.8583421149214697e+11 -6.277055264362892e+09
9.77986750999354e+10 -1.8468889382591974e+11 -6.300770426358844e+09
9.973325964025694e+10 -1.8352364628247293e+11 -6.323810594641763e+09
1.0165714058824919e+11 -1.8233856040102573e+11 -6.34617214216703e+09
1.0357009266265346e+11 -1.8113373070039017e+11 -6.367851521067777e+09
1.0547189130761163e+11 -1.799092546788675e+11 -6.388845263821998e+09
1.0736231274029028e+11 -1.7866523281323962e+11 -6.409149984405695e+09
1.092411339987006e+11 -1.7740176855684595e+11 -6.428762379431269e+09
1.1110813298969395e+11 -1.7611896833673495e+11 -6.447679229270404e+09
1.1296308853711214e+11 -1.7481694154988174e+11 -6.465897399160704e+09
1.1480578043007169e+11 -1.7349580055846222e+11 -6.483413840295318e+09
1.1663598947136043e+11 -1.721556606841758e+11 -6.500225590894828e+09
1.184534975259249e+11 -1.7079664020160883e+11 -6.51632977726067e+09
1.202580875694264e+11 -1.6941886033063153e+11 -6.531723614809369e+09
1.2204954373684349e+11 -1.6802244522782208e+11 -6.546404409086897e+09
1.238276513710981e+11 -1.6660752197691162e+11 -6.560369556762445e+09
1.255921970716826e+11 -1.6517422057824527e+11 -6.573616546600958e+09
1.2734296874326453e+11 -1.6372267393725418e+11 -6.58614296041375e+09
1.2907975564424538e+11 -1.622530178519349e+11 -6.597946473986572e+09
1.308023484352502e+11 -1.607653909993328e+11 -6.609024857984498e+09
1.3251053922752367e+11 -1.592599349210267e+11 -6.619375978833007e+09
1.3420412163120883e+11 -1.577367940076132e+11 -6.628997799574684e+09
1.3588289080348419e+11 -1.561961154821891e+11 -6.637888380700938e+09
1.3754664349653458e+11 -1.5463804938283185e+11 -6.646045880958185e+09
1.391951781053313e+11 -1.5306274854407797e+11 -6.653468558127942e+09
1.4082829471519678e+11 -1.5147036857740045e+11 -6.660154769780297e+09
1.4244579514912894e+11 -1.4986106785068692e+11 -6.666102974000243e+09
1.440474830148603e+11 -1.4823500746672073e+11 -6.671311730086363e+09
1.456331637516267e+11 -1.465923512406684e+11 -6.675779699221382e+09
1.4720264467662103e+11 -1.4493326567657684e+11 -6.679505645114116e+09
1.487557350311064e+11 -1.4325791994288522e+11 -6.682488434612345e+09
1.5029224602616428e+11 -1.4156648584695657e+11 -6.684727038286173e+09
1.5181199088805212e+11 -1.3985913780863513e+11 -6.686220530981437e+09
1.5331478490314627e+11 -1.3813605283283624e+11 -6.686968092342731e+09
1.5480044546244476e+11 -1.3639741048117624e+11 -6.686969007305654e+09
1.5626879210560596e+11 -1.3464339284265027e+11 -6.686222666557852e+09
1.5771964656449814e+11 -1.328741845033674e+11 -6.684728566968497e+09
1.5915283280623633e+11 -1.3108997251535233e+11 -6.682486311985802e+09
1.6056817707568182e+11 -1.2929094636442432e+11 -6.679495612002213e+09
1.6196550793738107e+11 -1.2747729793716446e+11 -6.675756284686939e+09
1.6334465631692017e+11 -1.2564922148698312e+11 -6.671268255285478e+09
1.6470545554167178e+11 -1.2380691359930032e+11 -6.66603155688581e+09
1.6604774138091162e+11 -1.2195057315585226e+11 -6.660046330650988e+09
1.6737135208528174e+11 -1.2008040129813817e+11 -6.653312826017819e+09
1.6867612842557846e+11 -1.181966013900222e+11 -6.645831400861401e+09
1.699619137308429e+11 -1.1629937897950575e+11 -6.637602521625259e+09
1.7122855392573264e+11 -1.1438894175968642e+11 -6.628626763416905e+09
1.7247589756715332e+11 -1.1246549952892018e+11 -6.618904810068595e+09
1.7370379588012946e+11 -1.1052926415020439e+11 -6.608437454163149e+09
1.7491210279289417e+11 -1.0858044950979936e+11 -6.597225597024697e+09
1.7610067497117804e+11 -1.0661927147510732e+11 -6.585270248674229e+09
1.7726937185167776e+11 -1.0464594785182779e+11 -6.572572527749867e+09
1.784180556746857e+11 -1.0266069834040926e+11 -6.559133661391818e+09
1.7954659151586203e+11 -1.0066374449181726e+11 -6.5449549850919485e+09
1.8065484731713184e+11 -9.86553096626399e+10 -6.530037942508006e+09
1.8174269391668976e+11 -9.663561896955183e+10 -6.514384085242492e+09
1.8281000507809555e+11 -9.460489924315886e+10 -6.497995072586242e+09
1.8385665751844464e+11 -9.25633789812449e+10 -6.480872671226801e+09
1.848825309355982e+11 -9.051128830144446e+10 -6.463018754921692e+09
1.8588750803445776e+11 -8.844885889336322e+10 -6.444435304136716e+09
1.8687147455227057e+11 -8.637632397017052e+10 -6.425124405649449e+09
1.8783431928295206e+11 -8.429391821968721e+10 -6.40508825211813e+09
1.8877593410041272e+11 -8.220187775499327e+10 -6.384329141616144e+09
1.896962139808777e+11 -8.010044006457938e+10 -6.362849477132369e+09
1.905950570241874e+11 -7.798984396206728e+10 -6.340651766037634e+09
1.9147236447406955e+11 -7.587032953552391e+10 -6.317738619517598e+09
1.9232804073737213e+11 -7.374213809639453e+10 -6.294112751972372e+09
1.9316199340224924e+11 -7.160551212808032e+10 -6.269776980383222e+09
1.9397413325529156e+11 -6.946069523418614e+10 -6.244734223646726e+09
1.9476437429759433e+11 -6.730793208646438e+10 -6.218987501876773e+09
1.9553263375975677e+11 -6.514746837248096e+10 -6.1925399356748085e+09
1.9627883211580746e+11 -6.2979550743029724e+10 -6.165394745368763e+09
1.97002893096051e+11 -6.0804426759321686e+10 -6.137555250221101e+09
1.977047436988325e+11 -5.862234483997557e+10 -6.109024867606459e+09
1.9838431420121686e+11 -5.6433554207836395e+10 -6.079807112159354e+09
1.9904153816858102e+11 -5.4238304836648834e+10 -6.049905594892459e+09
1.9967635246311755e+11 -5.203684739761212e+10 -6.019324022285947e+09
2.0028869725124957e+11 -4.9829433205843445e+10 -5.988066195348451e+09
2.0087851600995728e+11 -4.761631416677662e+10 -5.956136008650169e+09
2.01445755532017e+11 -4.5397742722522995e+10 -5.923537449328682e+09
2.0199036593015485e+11 -4.317397179822133e+10 -5.890274596068052e+09
2.0251230064011768e+11 -4.094525474840341e+10 -5.856351618051808e+09
2.0301151642266443e+11 -3.871184530340206e+10 -5.821772773890406e+09
2.0348797336448218e+11 -3.647399751582795e+10 -5.786542410523803e+09
2.039416348780316e+11 -3.423196570714157e+10 -5.75066496209978e+09
2.0437246770032718e+11 -3.1986004414346397e+10 -5.714144948828662e+09
2.0478044189065872e+11 -2.9736368336829136e+10 -5.676986975815112e+09
2.0516553082726035e+11 -2.7483312283372612e+10 -5.639195731867676e+09
2.0552771120293518e+11 -2.5227091119366547e+10 -5.600775988286778e+09
2.0586696301964346e+11 -2.296795971424123e+10 -5.561732597631879e+09
2.06183269582063e+11 -2.0706172889148643e+10 -5.522070492468509e+09
2.0647661749013147e+11 -1.84419853649153e+10 -5.481794684095919e+09
2.067469966305807e+11 -1.6175651710290651e+10 -5.440910261256086e+09
2.0699440016747345e+11 -1.3907426290514479e+10 -5.399422388824829e+09
2.0721882453175446e+11 -1.1637563216226276e+10 -5.357336306485784e+09
2.0742026940982706e+11 -9.36631629273922e+09 -5.31465732738802e+09
2.0759873773116837e+11 -7.093938969700785e+09 -5.271390836788062e+09
2.07754235654996e+11 -4.820684291161669e+09 -5.227542290677095e+09
2.078867725559999e+11 -2.5468048460741367e+09 -5.183117214394135e+09
2.0799636100915332e+11 -2.72552719240428e+08 -5.138121201225955e+09
2.0808301677361795e+11 2.001820557268664e+09 -5.092559910994545e+09
2.081467587757581e+11 4.276064052205452e+09 -5.04643906863291e+09
2.081876090912796e+11 6.54992748272821e+09 -4.999764462749975e+09
2.0820559292650986e+11 8.823161261456734e+09 -4.952541944185404e+09
2.0820073859883514e+11 1.1095516542982658e+10 -4.90477742455511e+09
2.0817307751631247e+11 1.336674526981719e+10 -4.856476874788249e+09
2.0812264415647318e+11 1.5636600217759457e+10 -4.807646323656474e+09
2.0804947604433624e+11 1.790483504066928e+10 -4.758291856296236e+09
2.0795361372964908e+11 2.0171204314628765e+10 -4.708419612724902e+09
2.0783510076337448e+11 2.2435463581477703e+10 -4.658035786351468e+09
2.0769398367344247e+11 2.4697369391708416e+10 -4.607146622482619e+09
2.0753031193978583e+11 2.6956679346706215e+10 -4.555758416824913e+09
2.0734413796867883e+11 2.921315214032234e+10 -4.503877513983826e+09
2.071355170663988e+11 3.1466547599766815e+10 -4.451510305960411e+09
2.0690450741222983e+11 3.371662672580932e+10 -4.398663230646308e+09
2.0665117003082904e+11 3.596315173227672e+10 -4.345342770317824e+09
2.0637556876397528e+11 3.8205886084836655e+10 -4.2915554501298223e+09
2.0607777024172067e+11 4.0444594539057076e+10 -4.237307836610102e+09
2.0575784385296536e+11 4.267904317773234e+10 -4.182606536154998e+09
2.0541586171547598e+11 4.490899944746707e+10 -4.127458193526863e+09
2.0505189864536856e+11 4.713423219450961e+10 -4.07186949035413e+09
2.0466603212607648e+11 4.9354511699827484e+10 -4.015847143634605e+09
2.042583422768244e+11 5.1569609713418015e+10 -3.959397904242657e+09
2.0382891182062872e+11 5.377929948784771e+10 -3.9025285554409394e+09
2.033778260518456e+11 5.5983355811014755e+10 -3.8452459113972726e+09
2.0290517280328726e+11 5.818155503812952e+10 -3.787556815707308e+09
2.0241104241292734e+11 6.0373675122908516e+10 -3.7294681399235744e+09
2.0189552769021625e+11 6.2559495647978004e+10 -3.6709867820915008e+09
2.0135872388202695e+11 6.473879785448381e+10 -3.6121196652929873e+09
2.0080072863825195e+11 6.691136467090464e+10 -3.5528737361980996e+09
2.0022164197707224e+11 6.907698074106667e+10 -3.4932559636254363e+09
1.9962156624991806e+11 7.123543245135774e+10 -3.433273337111711e+09
1.9900060610614255e+11 7.338650795714008e+10 -3.3729328654910846e+09
1.9835886845742764e+11 7.552999720836072e+10 -3.3122415754847655e+09
1.9769646244194263e+11 7.766569197435974e+10 -3.2512065103013873e+09
1.9701349938827493e+11 7.979338586787654e+10 -3.189834728248659e+09
1.9631009277915256e+11 8.191287436825504e+10 -3.128133301356768e+09
1.955863582149773e+11 8.402395484384914e+10 -3.0661093140139937e+09
1.9484241337718765e+11 8.61264265736305e+10 -3.003769861614969e+09
